Variable,Individualism (Minkov-Hofstede),Individualism (Beugelsdijk & Welzel),Self-expression values (Inglehart),Emancipative values (Welzel),Autonomy (Schwartz),Individualism (Hofstede)
Individualism (Minkov-Hofstede),1,0.9,0.75,0.84,0.9,0.78
Individualism (Beugelsdijk & Welzel),0.9,1,0.87,0.91,0.85,0.77
Self-expression values (Inglehart),0.75,0.87,1,0.88,0.79,0.75
Emancipative values (Welzel),0.84,0.91,0.88,1,0.84,0.68
Autonomy (Schwartz),0.9,0.85,0.79,0.84,1,0.7
Individualism (Hofstede),0.78,0.77,0.75,0.68,0.7,1
